output.asc
NCOLS          23        
NROWS          48        
XLLCENTER      48.50     
YLLCENTER      -139.50   
DX             0.50      
DY             0.50      
NODATA_VALUE   -999.00   
[rows 0 to 47 of 48, columns 0 to 22 of 23]
-3.92 -4.35 -5.47 -7.63 -9.47 -9.43 -8.72 -8.23 -8.02 -7.95 -7.94 -7.92 -7.91 -7.90 -7.90 -7.92 -7.95 -7.99 -8.03 -8.05 -8.06 -8.05 -8.00
-3.93 -4.63 -6.30 -8.24 -11.10 -9.43 -8.30 -7.90 -7.91 -8.03 -8.11 -8.14 -8.14 -8.14 -8.16 -8.21 -8.27 -8.34 -8.41 -8.46 -8.50 -8.49 -8.45
-3.63 -4.01 -5.00 -6.87 -8.29 -7.82 -6.99 -7.14 -7.71 -8.13 -8.32 -8.37 -8.37 -8.38 -8.43 -8.50 -8.61 -8.72 -8.84 -8.93 -8.99 -9.01 -8.96
-3.25 -3.18 -2.90 -5.12 -6.40 -5.83 -4.80 -6.36 -7.72 -8.41 -8.60 -8.59 -8.57 -8.59 -8.67 -8.80 -8.96 -9.14 -9.31 -9.47 -9.57 -9.61 -9.57
-3.08 -3.09 -3.41 -4.40 -5.01 -4.49 -4.30 -6.18 -8.34 -8.96 -8.87 -8.74 -8.70 -8.74 -8.88 -9.08 -9.32 -9.58 -9.84 -10.07 -10.24 -10.32 -10.28
-3.05 -3.25 -3.70 -4.21 -4.80 -3.71 -2.70 -6.11 -9.90 -9.25 -8.88 -8.70 -8.69 -8.81 -9.04 -9.34 -9.68 -10.04 -10.41 -10.75 -11.02 -11.15 -11.10
-2.99 -3.27 -3.63 -3.87 -3.89 -3.63 -3.92 -5.80 -7.76 -8.39 -8.39 -8.39 -8.52 -8.77 -9.13 -9.57 -10.04 -10.50 -11.00 -11.50 -11.92 -12.12 -12.07
-2.79 -3.15 -3.60 -3.70 -3.50 -4.03 -4.40 -5.76 -6.50 -7.41 -7.67 -7.90 -8.23 -8.63 -9.16 -9.80 -10.40 -10.93 -11.54 -12.29 -12.96 -13.26 -13.16
-2.40 -2.83 -3.40 -3.90 -4.42 -5.05 -5.79 -6.54 -7.07 -7.03 -6.92 -7.35 -7.93 -8.41 -9.10 -10.03 -10.80 -11.26 -11.87 -13.05 -14.16 -14.52 -14.35
-1.76 -2.20 -3.10 -3.97 -5.20 -5.91 -7.00 -7.18 -8.00 -6.79 -5.90 -6.94 -7.90 -8.24 -8.80 -10.30 -11.30 -11.43 -11.70 -13.64 -15.60 -15.53 -15.50
-0.85 -1.11 -1.86 -3.40 -5.03 -5.88 -6.35 -6.57 -6.57 -6.27 -6.19 -6.91 -7.74 -8.14 -8.70 -9.87 -10.88 -11.45 -12.29 -13.89 -15.36 -15.68 -15.43
0.17 0.19 0.00 -2.39 -5.00 -5.35 -5.50 -5.72 -5.30 -5.82 -6.10 -7.02 -8.00 -7.92 -8.00 -9.19 -10.50 -11.07 -12.10 -13.76 -15.50 -15.46 -15.10
1.17 1.21 0.59 -1.10 -3.04 -4.49 -5.34 -5.63 -5.68 -6.01 -6.50 -7.12 -7.60 -7.61 -7.70 -8.45 -9.46 -10.17 -11.28 -13.14 -14.74 -15.05 -15.14
2.14 2.25 1.70 0.07 -1.50 -3.93 -5.60 -5.98 -6.10 -6.50 -6.90 -7.27 -7.60 -7.41 -7.10 -8.00 -8.90 -9.19 -9.90 -12.49 -14.80 -14.80 -13.60
3.09 3.39 2.79 0.66 -1.92 -4.00 -5.51 -6.40 -6.89 -7.04 -7.15 -7.37 -7.56 -7.52 -7.50 -7.90 -8.53 -8.82 -9.57 -11.76 -14.20 -15.09 -15.30
3.90 4.47 4.50 1.04 -2.80 -4.17 -5.60 -6.70 -7.70 -7.41 -7.20 -7.38 -7.70 -7.71 -7.80 -7.70 -8.80 -8.67 -8.50 -10.85 -13.20 -15.13 -16.80
4.83 4.97 4.09 1.34 -1.73 -3.72 -5.21 -6.59 -7.46 -7.38 -7.09 -7.21 -7.54 -7.82 -7.88 -7.79 -8.69 -9.01 -9.26 -10.16 -12.19 -14.38 -15.71
5.50 4.57 4.20 1.26 -1.40 -3.15 -4.60 -6.45 -7.60 -7.26 -6.60 -7.00 -7.40 -7.94 -8.60 -8.73 -9.40 -9.45 -9.80 -9.23 -8.80 -12.63 -15.00
3.44 2.44 1.12 0.51 -0.49 -2.66 -5.00 -6.53 -7.27 -7.20 -6.93 -6.96 -7.26 -7.88 -8.55 -8.97 -9.31 -9.42 -9.26 -8.75 -9.12 -11.25 -12.96
2.07 0.70 -2.30 0.34 1.40 -2.03 -5.70 -6.49 -7.10 -7.01 -7.00 -6.92 -6.90 -7.64 -8.50 -8.87 -9.20 -9.33 -9.20 -8.66 -8.20 -11.16 -11.80
1.84 1.46 1.24 2.02 1.88 -1.14 -4.51 -5.61 -5.87 -6.37 -6.84 -6.89 -6.89 -7.28 -7.89 -8.58 -9.15 -9.37 -9.37 -9.25 -9.90 -11.95 -12.82
2.15 2.81 4.20 3.99 4.30 0.14 -4.40 -4.07 -3.90 -5.45 -6.80 -6.83 -6.60 -6.94 -7.20 -8.22 -9.20 -9.33 -9.70 -9.74 -10.40 -12.12 -13.60
2.28 3.14 3.98 4.21 3.68 1.80 -0.27 -1.52 -2.77 -4.47 -6.01 -6.72 -6.77 -6.79 -7.29 -7.81 -8.38 -8.83 -9.23 -9.76 -10.74 -12.36 -13.87
2.11 2.87 3.52 3.78 3.50 3.27 3.20 1.33 -1.10 -3.28 -5.40 -6.25 -7.50 -6.30 -7.30 -7.17 -7.60 -8.33 -8.70 -9.55 -10.50 -12.28 -14.50
1.77 2.46 3.05 3.45 3.68 3.94 4.13 3.91 1.26 -1.83 -3.95 -4.47 -4.48 -5.13 -5.70 -6.56 -7.44 -8.30 -9.03 -9.48 -10.14 -11.50 -13.36
1.37 2.01 2.60 3.11 3.55 3.95 4.24 4.05 2.10 -0.67 -3.30 -2.48 -1.00 -3.86 -6.70 -6.61 -7.30 -8.36 -9.60 -9.43 -9.40 -10.58 -11.60
0.96 1.57 2.15 2.70 3.20 3.62 3.82 3.50 2.35 0.65 -0.77 -1.18 -1.54 -2.95 -4.59 -5.76 -6.87 -8.04 -8.98 -9.32 -9.67 -10.58 -11.62
0.55 1.13 1.70 2.26 2.77 3.19 3.42 3.31 2.79 1.99 1.10 -0.05 -1.50 -2.19 -2.80 -4.67 -6.20 -7.61 -8.80 -9.42 -9.70 -11.82 -10.30
0.15 0.70 1.26 1.80 2.33 2.79 3.13 3.31 3.31 3.22 2.99 1.65 -0.48 -1.43 -3.04 -4.03 -5.10 -7.19 -9.26 -9.89 -10.69 -12.33 -11.85
-0.23 0.29 0.82 1.36 1.90 2.41 2.89 3.31 3.68 4.07 4.60 3.98 3.70 0.14 -3.70 -3.49 -3.40 -6.82 -9.10 -10.00 -10.30 -11.35 -11.50
-0.60 -0.11 0.40 0.93 1.48 2.03 2.61 3.19 3.76 4.22 4.57 4.50 3.91 2.10 -0.35 -2.75 -5.17 -7.38 -9.15 -10.11 -10.63 -11.17 -11.47
-0.96 -0.50 -0.01 0.50 1.04 1.61 2.22 2.88 3.60 3.87 4.13 4.25 4.08 3.61 2.70 -1.69 -6.70 -7.72 -9.50 -10.37 -10.80 -11.31 -11.60
-1.29 -0.86 -0.41 0.08 0.60 1.15 1.72 2.31 2.83 3.16 3.40 3.66 3.76 3.46 2.28 0.02 -2.84 -6.12 -9.13 -10.45 -11.06 -11.48 -11.72
-1.61 -1.22 -0.79 -0.34 0.14 0.65 1.17 1.67 2.09 2.38 2.50 2.98 3.21 3.06 2.40 1.53 1.50 -3.57 -9.10 -9.64 -10.80 -11.31 -11.80
-1.92 -1.55 -1.16 -0.74 -0.30 0.16 0.62 1.06 1.45 1.77 2.06 2.43 2.69 2.74 2.55 1.79 1.14 -0.99 -4.29 -6.92 -9.07 -10.56 -11.41
-2.20 -1.87 -1.51 -1.13 -0.73 -0.31 0.11 0.52 0.90 1.26 1.61 1.96 2.24 2.37 2.20 1.54 -0.00 0.26 -0.10 -4.00 -7.40 -9.69 -11.10
-2.47 -2.17 -1.84 -1.49 -1.12 -0.74 -0.35 0.03 0.42 0.79 1.16 1.52 1.83 2.03 2.05 1.82 1.41 1.02 0.23 -2.02 -5.92 -8.97 -10.62
-2.72 -2.44 -2.14 -1.82 -1.49 -1.13 -0.77 -0.40 -0.03 0.35 0.73 1.11 1.45 1.74 1.97 2.16 2.50 1.15 0.60 -0.09 -6.50 -7.68 -10.00
-2.95 -2.69 -2.42 -2.13 -1.82 -1.49 -1.15 -0.80 -0.43 -0.06 0.33 0.71 1.09 1.44 1.75 1.96 1.68 0.12 0.21 0.03 -2.20 -4.33 -5.57
-3.16 -2.93 -2.68 -2.41 -2.12 -1.82 -1.50 -1.16 -0.81 -0.44 -0.06 0.34 0.73 1.11 1.46 1.69 1.73 1.84 0.50 0.50 -0.10 -3.69 -10.10
-3.35 -3.14 -2.91 -2.67 -2.40 -2.12 -1.82 -1.50 -1.16 -0.80 -0.43 -0.03 0.37 0.77 1.14 1.46 1.68 1.67 1.23 0.68 -0.83 -4.60 -8.63
-3.53 -3.34 -3.13 -2.90 -2.66 -2.40 -2.11 -1.81 -1.49 -1.14 -0.78 -0.39 0.01 0.42 0.81 1.17 1.46 1.57 1.39 0.72 -1.10 -4.61 -8.30
-3.69 -3.52 -3.32 -3.12 -2.89 -2.65 -2.39 -2.10 -1.80 -1.47 -1.12 -0.74 -0.35 0.05 0.46 0.85 1.19 1.44 1.50 1.17 -0.40 -4.08 -7.72
-3.84 -3.68 -3.51 -3.31 -3.11 -2.88 -2.64 -2.37 -2.09 -1.78 -1.44 -1.09 -0.71 -0.32 0.09 0.49 0.87 1.20 1.46 1.60 1.60 -3.39 -8.30
-3.98 -3.83 -3.67 -3.50 -3.31 -3.10 -2.87 -2.63 -2.36 -2.07 -1.76 -1.42 -1.07 -0.69 -0.31 0.08 0.46 0.80 1.04 1.02 0.04 -2.76 -5.64
-4.10 -3.97 -3.82 -3.66 -3.49 -3.30 -3.09 -2.87 -2.62 -2.35 -2.06 -1.75 -1.42 -1.07 -0.72 -0.36 -0.01 0.28 0.43 0.27 -0.54 -2.11 -3.90
-4.21 -4.09 -3.96 -3.82 -3.66 -3.49 -3.30 -3.09 -2.86 -2.62 -2.35 -2.07 -1.77 -1.45 -1.13 -0.81 -0.51 -0.27 -0.15 -0.25 -0.67 -1.37 -2.28
-4.32 -4.21 -4.09 -3.96 -3.82 -3.66 -3.49 -3.30 -3.09 -2.87 -2.63 -2.38 -2.11 -1.83 -1.54 -1.26 -1.00 -0.79 -0.66 -0.65 -0.76 -0.88 -0.80
